(13, 16)
(26, 45)
(24, 40)
(07, 28)
(20, 05)
(18, 31)
(35, 43)
(08, 20)
(38, 49)
(24, 05)
(35, 09)
(49, 22)
(35, 40)
(44, 07)
(25, 15)
(46, 34)
(36, 27)
(21, 13)
(32, 29)
(31, 15)
(08, 01)
(05, 42)
(21, 44)
(08, 47)
(15, 25)
(06, 35)
(15, 30)
(41, 08)
(10, 37)
(27, 06)
(39, 40)
(42, 45)
(31, 08)
(30, 19)
(25, 45)
(39, 02)
(15, 48)
(13, 05)
(49, 24)
(05, 38)
(32, 10)
(12, 27)
(12, 21)
(39, 35)
(17, 02)
(11, 00)
(19, 24)
(25, 07)
(02, 16)
(06, 06)
(11, 28)
(40, 11)
(31, 34)
(22, 19)
(45, 10)
(12, 49)
(01, 34)
(47, 16)
(20, 14)
(29, 19)
(28, 04)
(41, 49)
(17, 03)
(15, 31)
(49, 42)
(29, 48)
(28, 06)
(21, 36)
(17, 14)
(16, 34)
(38, 11)
(00, 25)
(36, 30)
(25, 10)
(37, 21)
(45, 16)
(19, 08)
(26, 28)
(36, 07)
(43, 41)
(39, 44)
(06, 02)
(41, 32)
(46, 46)
(10, 00)
(33, 36)
(35, 33)
(23, 06)
(08, 34)
(28, 02)
(43, 04)
(29, 20)
(29, 07)
(38, 00)
(21, 06)
(18, 15)
(09, 12)
(18, 26)
(36, 18)
(34, 16)
(30, 32)
(26, 42)
(31, 10)
(13, 35)
(27, 45)
(49, 36)
(30, 20)
(41, 07)
(00, 42)
(11, 01)
(47, 24)
(14, 30)
(49, 20)
(21, 46)
(41, 39)
(16, 10)
(41, 14)
(21, 45)
(09, 35)
(45, 22)
(25, 02)
(24, 30)
(17, 42)
(44, 03)
(38, 39)
(49, 23)
(30, 42)
(48, 01)
(00, 10)
(45, 39)
(31, 00)
(28, 47)
(42, 02)
(07, 22)
(36, 33)
(15, 04)
(35, 31)
(24, 20)
(33, 43)
(04, 01)
(11, 48)
(29, 33)
(31, 26)
(34, 09)
(41, 00)
(48, 23)
(47, 34)
(13, 21)
(46, 06)
(23, 15)
(24, 46)
(35, 14)
(06, 13)
(16, 26)
(43, 15)
(03, 22)
(34, 46)
(20, 43)
(29, 05)
(29, 23)
(37, 44)
(33, 29)
(13, 10)
(45, 45)
(19, 35)
(16, 04)
(01, 08)
(49, 45)
(23, 04)
(43, 21)
(13, 40)
(28, 17)
(27, 35)
(30, 03)
(00, 00)
(08, 32)
(20, 48)
(02, 20)
(35, 17)
(26, 00)
(03, 30)
(47, 42)
(04, 49)
(11, 40)
(23, 02)
(48, 13)
(30, 21)
(20, 21)
(22, 42)
(34, 02)
(06, 39)
(23, 46)
(15, 06)
(42, 35)
(13, 41)
(30, 38)
(46, 29)
(34, 12)
(28, 13)
(07, 40)
(21, 21)
(05, 39)
(12, 48)
(29, 45)
(39, 27)
(02, 05)
(28, 10)
(15, 47)
(27, 22)
(22, 47)
(14, 22)
(38, 07)
(41, 13)
(34, 01)
(35, 38)
(42, 43)
(00, 34)
(44, 49)
(27, 36)
(25, 05)
(20, 46)
(27, 40)
(18, 30)
(21, 08)
(45, 36)
(37, 10)
(27, 14)
(38, 33)
(39, 47)
(14, 10)
(30, 43)
(31, 38)
(34, 13)
(36, 49)
(34, 22)
(24, 10)
(40, 39)
(27, 03)
(42, 48)
(36, 44)
(34, 15)
(25, 08)
(32, 23)
(37, 07)
(12, 20)
(07, 03)
(15, 05)
(28, 14)
(31, 47)
(32, 31)
(00, 36)
(12, 03)
(48, 36)
(10, 48)
(33, 08)
(33, 06)
(32, 06)
(42, 44)
(20, 02)
(37, 47)
(14, 41)
(22, 31)
(30, 39)
(39, 12)
(04, 28)
(28, 35)
(35, 11)
(26, 35)
(09, 37)
(30, 00)
(21, 19)
(13, 17)
(21, 48)
(44, 36)
(33, 27)
(11, 14)
(25, 43)
(42, 33)
(46, 32)
(04, 05)
(45, 00)
(27, 11)
(17, 46)
(35, 48)
(44, 42)
(24, 14)
(39, 00)
(27, 12)
(19, 03)
(38, 43)
(37, 33)
(42, 31)
(28, 07)
(47, 39)
(05, 08)
(22, 21)
(35, 30)
(38, 19)
(24, 16)
(27, 30)
(05, 24)
(10, 07)
(11, 33)
(37, 40)
(20, 09)
(34, 11)
(14, 47)
(11, 38)
(29, 31)
(35, 27)
(46, 18)
(03, 48)
(19, 41)
(17, 49)
(22, 18)
(32, 04)
(34, 26)
(00, 08)
(26, 30)
(37, 17)
(48, 37)
(14, 16)
(29, 46)
(22, 40)
(47, 29)
(02, 04)
(33, 23)
(22, 06)
(27, 17)
(42, 17)
(28, 40)
(06, 25)
(42, 18)
(42, 41)
(14, 07)
(17, 36)
(22, 43)
(04, 45)
(01, 36)
(49, 00)
(16, 11)
(28, 11)
(17, 40)
(31, 23)
(27, 15)
(12, 31)
(29, 15)
(16, 35)
(31, 36)
(21, 03)
(08, 39)
(29, 10)
(29, 11)
(34, 35)
(43, 01)
(15, 22)
(23, 18)
(43, 20)
(15, 24)
(32, 09)
(09, 18)
(06, 09)
(23, 22)
(04, 02)
(42, 36)
(38, 36)
(25, 26)
(06, 01)
(10, 36)
(07, 02)
(18, 13)
(06, 23)
(09, 15)
(35, 19)
(00, 05)
(04, 37)
(13, 33)
(47, 08)
(36, 46)
(10, 14)
(11, 36)
(49, 14)
(27, 28)
(34, 41)
(32, 18)
(05, 45)
(28, 21)
(23, 45)
(08, 36)
(28, 25)
(13, 23)
(28, 01)
(03, 21)
(30, 30)
(37, 22)
(46, 10)
(29, 42)
(05, 33)
(15, 27)
(17, 35)
(25, 04)
(23, 33)
(06, 46)
(25, 14)
(37, 43)
(39, 25)
(40, 13)
(44, 25)
(32, 12)
(48, 42)
(39, 18)
(29, 41)
(22, 17)
(44, 44)
(42, 22)
(22, 10)
(46, 19)
(29, 13)
(40, 38)
(13, 12)
(28, 16)
(12, 12)
(32, 48)
(48, 03)
(35, 34)
(00, 46)
(21, 10)
(08, 15)
(48, 34)
(46, 16)
(00, 43)
(37, 13)
(28, 44)
(35, 06)
(47, 27)
(18, 46)
(30, 05)
(42, 10)
(38, 27)
(03, 16)
(32, 19)
(22, 09)
(11, 07)
(47, 36)
(40, 14)
(11, 45)
(16, 22)
(35, 23)
(03, 25)
(29, 18)
(34, 49)
(33, 38)
(30, 17)
(05, 11)
(47, 21)
(34, 29)
(10, 15)
(18, 47)
(24, 24)
(37, 46)
(23, 20)
(36, 41)
(33, 09)
(24, 37)
(46, 35)
(05, 18)
(34, 23)
(25, 23)
(04, 15)
(46, 48)
(24, 27)
(26, 36)
(07, 16)
(47, 15)
(33, 15)
(06, 18)
(00, 26)
(18, 04)
(00, 28)
(10, 04)
(23, 31)
(31, 49)
(32, 25)
(31, 29)
(38, 16)
(10, 12)
(11, 18)
(37, 39)
(20, 49)
(06, 04)
(13, 07)
(16, 27)
(39, 01)
(20, 17)
(35, 15)
(41, 38)
(06, 24)
(17, 27)
(17, 39)
(38, 37)
(43, 14)
(36, 20)
(48, 20)
(35, 10)
(37, 11)
(04, 18)
(22, 01)
(21, 01)
(09, 45)
(38, 14)
(16, 31)
(45, 09)
(36, 19)
(04, 03)
(20, 45)
(06, 29)
(40, 37)
(06, 49)
(11, 35)
(34, 24)
(33, 37)
(23, 40)
(11, 04)
(48, 24)
(01, 07)
(39, 39)
(44, 13)
(13, 48)
(37, 42)
(25, 25)
(31, 03)
(08, 19)
(18, 38)
(31, 12)
(25, 47)
(01, 20)
(19, 02)
(45, 15)
(22, 05)
(21, 30)
(30, 23)
(13, 24)
(49, 17)
(06, 03)
(02, 01)
(02, 37)
(38, 24)
(18, 09)
(48, 27)
(30, 12)
(40, 30)
(09, 01)
(28, 42)
(08, 09)
(08, 21)
(24, 12)
(28, 31)
(23, 03)
(17, 01)
(36, 00)
(31, 35)
(07, 06)
(22, 26)
(01, 16)
(48, 49)
(16, 49)
(39, 49)
(11, 47)
(36, 15)
(26, 27)
(09, 14)
(43, 36)
(07, 41)
(32, 32)
(10, 16)
(09, 07)
(26, 09)
(35, 00)
(14, 27)
(19, 16)
(25, 22)
(30, 45)
(22, 08)
(42, 20)
(20, 00)
(41, 43)
(33, 21)
(24, 13)
(46, 40)
(09, 04)
(32, 42)
(43, 47)
(05, 29)
(09, 39)
(32, 21)
(03, 45)
(13, 49)
(18, 39)
(40, 42)
(10, 10)
(00, 31)
(43, 07)
(06, 00)
(06, 10)
(26, 34)
(45, 17)
(47, 38)
(12, 00)
(10, 38)
(42, 23)
(15, 02)
(30, 11)
(45, 19)
(27, 09)
(01, 40)
(13, 43)
(18, 49)
(43, 09)
(24, 34)
(38, 12)
(01, 01)
(01, 19)
(36, 29)
(46, 49)
(10, 23)
(19, 42)
(34, 10)
(03, 41)
(13, 02)
(13, 29)
(02, 29)
(16, 06)
(41, 33)
(03, 05)
(08, 49)
(06, 26)
(44, 37)
(26, 11)
(19, 40)
(31, 06)
(14, 06)
(02, 32)
(39, 46)
(48, 43)
(29, 04)
(15, 10)
(39, 03)
(19, 07)
(27, 47)
(37, 35)
(38, 47)
(34, 25)
(12, 09)
(33, 44)
(41, 34)
(40, 46)
(13, 42)
(33, 32)
(29, 09)
(20, 01)
(05, 00)
(32, 41)
(34, 03)
(25, 44)
(44, 27)
(35, 05)
(35, 18)
(40, 08)
(43, 28)
(43, 39)
(15, 13)
(02, 42)
(34, 08)
(14, 43)
(36, 40)
(26, 13)
(10, 31)
(05, 15)
(31, 19)
(30, 28)
(17, 13)
(32, 47)
(43, 43)
(30, 16)
(40, 41)
(10, 45)
(38, 13)
(36, 01)
(42, 19)
(00, 04)
(40, 18)
(41, 24)
(21, 05)
(43, 34)
(19, 39)
(26, 37)
(25, 11)
(46, 31)
(23, 44)
(08, 27)
(44, 00)
(49, 10)
(24, 09)
(26, 43)
(33, 03)
(19, 25)
(39, 06)
(02, 44)
(09, 06)
(25, 34)
(16, 37)
(23, 13)
(37, 15)
(04, 41)
(45, 47)
(16, 33)
(07, 42)
(32, 02)
(41, 05)
(39, 11)
(30, 04)
(23, 07)
(40, 17)
(29, 25)
(14, 05)
(27, 29)
(42, 42)
(33, 46)
(42, 15)
(15, 39)
(34, 32)
(49, 26)
(31, 11)
(40, 36)
(10, 49)
(21, 35)
(49, 19)
(44, 30)
(29, 43)
(25, 09)
(20, 35)
(31, 24)
(19, 28)
(44, 45)
(02, 36)
(43, 05)
(00, 41)
(32, 43)
(14, 08)
(00, 45)
(15, 00)
(05, 26)
(37, 31)
(25, 20)
(41, 45)
(12, 34)
(44, 29)
(48, 06)
(18, 00)
(46, 04)
(32, 35)
(45, 05)
(47, 49)
(49, 25)
(42, 37)
(24, 39)