0, [(15, 00), (17, 01), (22, 09)]
1, [(20, 14), (25, 15), (27, 12), (38, 27)]
2, [(17, 40), (25, 43), (32, 48), (40, 41)]
3, [(00, 46), (21, 45), (29, 48), (42, 23)]
4, [(24, 24), (31, 12), (35, 15), (38, 11)]
5, [(00, 08), (32, 31), (33, 27), (39, 40)]
6, [(06, 00), (15, 05)]
7, [(05, 11), (24, 09), (28, 16), (29, 10)]
8, [(04, 28), (05, 26), (13, 35)]
9, [(05, 18), (10, 10), (14, 07), (31, 47)]
B, [(45, 17), (46, 04), (48, 01), (49, 20)]
C, [(03, 41), (35, 18), (40, 17), (42, 22)]
D, [(11, 38), (16, 37), (24, 40), (27, 45)]
E, [(20, 05), (26, 00), (27, 03), (39, 02)]
F, [(05, 38), (10, 31), (15, 47)]
M, [(11, 33), (37, 44), (40, 39), (46, 46)]
N, [(22, 26), (28, 21), (29, 13), (47, 38)]
Q, [(15, 30), (16, 33), (19, 25), (24, 34)]
S, [(33, 37), (35, 40), (38, 39), (40, 38)]
U, [(12, 09), (24, 14), (27, 22), (35, 05)]
V, [(24, 46), (30, 45), (35, 43), (47, 42)]
W, [(38, 13), (43, 20), (46, 10), (47, 15)]
Z, [(24, 30), (27, 14), (28, 17), (29, 19)]
b, [(30, 32), (37, 31), (38, 33), (49, 36)]
c, [(37, 22), (38, 14), (39, 11), (42, 15)]
d, [(38, 19), (41, 24), (45, 09), (46, 18)]
e, [(00, 43), (01, 36), (02, 44), (15, 27)]
f, [(25, 25), (26, 30), (29, 20)]
m, [(01, 19), (02, 04), (04, 03)]
n, [(21, 03), (25, 14), (28, 07), (32, 02)]
q, [(01, 07), (06, 04), (13, 02)]
s, [(05, 42), (06, 35), (15, 31), (34, 26)]
u, [(04, 01), (17, 03), (19, 08), (22, 06)]
v, [(21, 08), (28, 11), (32, 06), (33, 09)]
w, [(40, 14), (43, 15), (45, 22), (46, 19)]
z, [(23, 44), (26, 45), (39, 47)]